Aerodactyl 	3	6	155	137	85	72	95	150	1	2	3	4	
Breloom		2	12	135	165	100	72	80	90	1	5	6	7
Bronzong	9	14	142	119	136	89	136	53	3	8	2	4
Dragonite	3	16	166	169	115	108	120	100	3	9	10	11
Dusknoir	8	0	120	132	155	76	155	65	3	12	13	14
Electivire	13	0	150	157	87	103	105	115	10	15	13	3
Flygon		5	16	155	132	100	90	100	120	3	16	17	1
Gengar		4	8	135	93	80	135	95	130	14	18	15	12
Infernape	2	10	151	136	91	111	91	128	12	6	3	13
Kingdra		11	16	150	126	115	103	115	105	19	17	20	21
Mamoswine	5	15	185	165	100	81	80	100	3	1	22	23
Tentacruel	4	11	155	99	85	90	140	120	24	20	25	26
	